DATASET_HEATMAP
SEPARATOR TAB
DATASET_LABEL	Motifs and physicochemical properties
COLOR	#000000
FIELD_LABELS	Prenyl	Methoxy	Sugar	Phenolic	MW_z	LogP_z	TPSA_z
COLOR_MIN	#2166AC
COLOR_MAX	#B2182B
COLOR_NAN	#E6E6E6
DATA
Acanthaceae	0	1	0.227272727272727	0.590909090909091	-0.677883175555536	0.548395043192488	-1.23320759511702
Achariaceae	0	0	0	1	-1.08444423217814	-0.474413201432644	-0.580386651604604
Actinidiaceae	0	0	0.0344827586206897	1	0.367270241785258	0.153553791923008	0.65176992473196
Aizoaceae	0	0.269230769230769	0.115384615384615	1	-0.721420619759638	0.215321037171105	-0.580386651604604
Altingiaceae	0.25	0	0	1	0.437315309709383	0.31735427141005	0.00784828143479106
Amaranthaceae	0	0.696969696969697	0.212121212121212	0.727272727272727	-0.876994765814762	0.202746060026714	-0.992574041772112
Amaryllidaceae	0.0289855072463768	0.463768115942029	0.0869565217391304	0.956521739130435	-1.23963840252266	0.542791685501205	-1.48723415472645
Anacardiaceae	0	0.215189873417722	0.139240506329114	0.911392405063291	0.817394650046775	0.165086283915532	0.215087431001696
Annonaceae	0.121693121693122	0.613756613756614	0.0476190476190476	0.862433862433862	-0.859204993909486	0.625017701854684	-1.04826075202989
Apiaceae	0.631067961165049	0.271844660194175	0.058252427184466	1	-0.0634926768589624	1.23350325393483	-0.829919505164754
Apocynaceae	0.0337078651685393	0.337078651685393	0.258426966292135	0.808988764044944	0.678798509606104	0.338334285091365	0.727546144386525
Aquifoliaceae	0.2	0.2	0.4	1	-1.10147405266222	-0.0614587706494814	-0.636073361862377
Araceae	0	0	0	1	-1.08444423217814	-0.474413201432644	-0.580386651604604
Araliaceae	0.166666666666667	0.333333333333333	0.916666666666667	0.916666666666667	0.419499630369293	-1.55553545924032	0.758737751081544
Araucariaceae	0	0.6	0	0.8	-0.894024586298842	0.468905550362659	-1.50520897892358
Arecaceae	0	0.51219512195122	0	1	1.0600436845101	1.41365771924179	-0.580386651604604
Aristolochiaceae	0	0.461538461538462	0.538461538461538	1	1.56047169536785	-3.20754864833894	1.99089432741811
Asparagaceae	0.0382165605095541	0.751592356687898	0.089171974522293	0.961783439490446	-0.876614790104164	0.230176450585204	-1.02376564846713
Asphodelaceae	0	0.647058823529412	0.176470588235294	0.941176470588235	-0.99774931948053	0.35377609640339	-1.17082438172698
Aspleniaceae	0	0	1	1	1.42225553063778	-2.24096944659261	1.440547504206
Asteraceae	0.244929797191888	0.46801872074883	0.333853354134165	0.946957878315132	-0.392836624019898	0.153553791923008	-0.612635600899454
Athyriaceae	0	1	1	1	1.56041988049822	-2.48849451483894	1.60320204081335
Balanophoraceae	0.0930232558139535	0.0930232558139535	0.837209302325582	0.953488372093023	2.63210682899386	-0.526472303703983	2.15354886402547
Balsaminaceae	0	1	0	1	0.229105891924812	0.48069866364315	-0.0971810834817692
Basellaceae	0	0	0	0	-0.667645420898397	3.20855652946813	-2.36289005115328
Begoniaceae	0	0	0.1875	0.5625	0.783749528035631	0.469622258904567	-0.0455475198566819
Berberidaceae	0.0833333333333333	0.333333333333333	0.416666666666667	1	0.220578027965366	-0.351758307783338	0.246102813930076
Betulaceae	0	0.222222222222222	0.222222222222222	1	-0.946279882317691	-0.319604156380452	-0.223885971694868
Bignoniaceae	0	0.478260869565217	0.260869565217391	1	0.57509968385923	0.350974417557748	0.239582534564451
Bixaceae	0	0	0	1	-1.24001837823326	0.153553791923008	-0.992574041772112
Blechnaceae	0.2	0.4	0.2	1	-0.21132481781065	-0.107556160958583	0.00784828143479106
Bonnetiaceae	0	1	0	1	-1.11888384885689	0.350974417557748	-1.18642018507449
Boraginaceae	0	0.333333333333333	0.5	1	0.0220364012720367	-1.30103877154088	0.0457363912620739
Brassicaceae	0	0.2	0.05	1	-0.95498478041503	-0.0382634760204492	-0.404515332499356
Bromeliaceae	0	0.227272727272727	0	1	0.298188066855035	0.170363864996857	0.774333554429053
Burseraceae	0.3125	0.125	0.125	1	-0.522296075783005	0.153553791923008	-0.732996433513566
Cactaceae	0	0	0.4	1	-0.894607503582147	-0.804750683930378	-0.101322341997775
Calceolariaceae	0	0.666666666666667	0	1	-1.11888384885689	0.350974417557748	-1.18642018507449
Calophyllaceae	0	0	0	1	1.07631355357299	1.2580016550037	0.609299996972075
Campanulaceae	0	0	0.285714285714286	1	-0.946279882317691	-0.708842049958649	-0.223885971694868
Cannabaceae	0.532467532467532	0.597402597402597	0.025974025974026	1	-0.3924566483093	0.741059330321837	-0.829919505164754
Caprifoliaceae	0.333333333333333	1	0.666666666666667	1	1.68155440987459	-2.23536608890133	1.60320204081335
Caryophyllaceae	0	0.142857142857143	0.642857142857143	0.857142857142857	1.16257667569037	-1.93128620116624	1.5787069372506
Casuarinaceae	0	0	0	1	-0.946279882317691	-0.666230469376101	-0.223885971694868
Celastraceae	0.0175438596491228	0.491228070175439	0.210526315789474	1	-0.288731915127614	-0.282595933489187	0.076927997957093
Cephalotaxaceae	0	0	0.4	1	-1.08444423217814	-0.517024782015192	-0.580386651604604
Cercidiphyllaceae	0	0	0	1	-0.963689678512369	-0.708842049958649	-0.279572681952642
Chloranthaceae	0	0.833333333333333	0.166666666666667	1	-0.989044421383191	0.548395043192488	-1.34907472168185
Chrysobalanaceae	0	0.133333333333333	0.0666666666666667	1	-1.08444423217814	-0.230080743963906	-0.580386651604604
Cistaceae	0	0.111111111111111	0.111111111111111	1	-1.08444423217814	-0.474413201432644	-0.580386651604604
Cleomaceae	0	0	0	1	-1.37818272809371	0.345371059866465	-1.34907472168185
Clusiaceae	0.0413223140495868	0.190082644628099	0.247933884297521	0.950413223140496	1.23188769962811	0.711869746069572	0.896897184126148
Combretaceae	0.380281690140845	0.450704225352113	0.028169014084507	0.732394366197183	-0.0809024730536408	0.782823891718493	-0.580386651604604
Convolvulaceae	0.333333333333333	0.230769230769231	0.564102564102564	0.846153846153846	0.160200751132482	-1.49285603948434	0.471140563927472
Cordiaceae	0	0	0	1	0.972968796101899	1.76412819623494	0.377741967609054
Coriariaceae	0	0	0	1	-1.24001837823326	0.153553791923008	-0.992574041772112
Cornaceae	0	0	0.4	1	0.298365100992928	-0.666230469376101	0.758737751081544
Crassulaceae	0	0.102564102564103	0	1	0.557689887664552	0.384008165807521	0.596083214474186
Cucurbitaceae	0	0.0526315789473684	0.157894736842105	1	1.40487164187791	0.085987723017653	1.03488039340411
Cunoniaceae	0	0	1	1	0.177230571616562	-1.71008388300454	0.758737751081544
Cupressaceae	0.0465116279069767	0.116279069767442	0.255813953488372	0.883720930232558	0.177230571616562	0.153553791923008	0.402237071171809
Cyatheaceae	0	0	0	1	1.28356007836366	1.53197978397865	1.14405101683668
Cycadaceae	0	0.35	0	1	1.07631355357299	1.99533185632236	0.284079035640678
Cynomoriaceae	0	0	0.333333333333333	1	0.168905649229821	-0.474413201432644	0.499160142822997
Cyperaceae	0.307692307692308	0.634615384615385	0.0384615384615385	0.923076923076923	-0.859204993909486	0.646851250254091	-1.00816984511962
Daphniphyllaceae	0	0	1	1	0.142790954937804	-1.73718849695307	0.471140563927472
Davalliaceae	0	0	0.454545454545454	1	1.21909806264184	-0.00239547126403847	1.37675450068285
Dennstaedtiaceae	0	0	0.6	1	1.28409118077733	-1.81478848544514	1.08404682429626
Diapensiaceae	0	0	0	1	-1.08444423217814	-0.474413201432644	-0.580386651604604
Didiereaceae	0	0.5	0	1	-0.53120391545305	0.0339546828751106	-0.295168485300152
Dilleniaceae	0	0.142857142857143	0.857142857142857	1	0.436529450853373	-2.35525188136599	1.11523843099128
Dioscoreaceae	0.0333333333333333	0.2	0.166666666666667	0.966666666666667	3.73858746244403	0.469622258904567	3.16057957848131
Dipterocarpaceae	0.545454545454545	0.136363636363636	0.0909090909090909	0.909090909090909	-0.3924566483093	1.11277044228428	-0.829919505164754
Dryopteridaceae	0	0.230769230769231	0.115384615384615	1	0.315774897187606	0.752878505731124	1.00827060464169
Ebenaceae	0	0	0	1	0.298188066855035	0.469622258904567	0.596083214474186
Elaeagnaceae	0	0	0	1	-0.946279882317691	-0.666230469376101	-0.223885971694868
Elatinaceae	0	0	0	1	-1.01536205724791	-0.570321835404373	-0.402136311649736
Ephedraceae	0	0	0	1	0.0133444568921041	0.543997058958051	-0.0612314350875103
Ericaceae	0.0240963855421687	0.246987951807229	0.421686746987952	0.987951807228916	0.229105891924812	-0.474413201432644	0.596083214474186
Eriocaulaceae	0	1	0	0.714285714285714	-0.738830415954317	0.405770043352737	-0.79220761910411
Erythroxylaceae	0.05	0.25	0.45	0.95	0.168715661374522	-0.474413201432644	0.430080426300696
Eucommiaceae	0	0	0.2	1	0.31580080462242	0.272657720523769	0.239582534564451
Euphorbiaceae	0.442307692307692	0.158653846153846	0.216346153846154	0.990384615384615	0.367270241785258	1.13801812955605	-0.366450998905435
Eupteleaceae	0	0	0	1	-1.08444423217814	-0.474413201432644	-0.580386651604604
Fabaceae	0.382783482630544	0.49836137207778	0.146165610662006	0.82368363556915	-0.201657026719408	0.896063841340004	-0.923670549016449
Fagaceae	0.0135135135135135	0.0135135135135135	0.364864864864865	1	0.488797700589628	0.0259796714633308	1.11523843099128
Francoaceae	0	0.375	0	1	-1.17055622759244	0.287773755225834	-1.17082438172698
Gentianaceae	0	0.68421052631579	0.842105263157895	0.578947368421053	0.419499630369293	-0.86358593968885	-0.123614648477548
Geraniaceae	0	0	0.166666666666667	1	0.773831298407859	0.144822978776125	0.457923781429583
Gesneriaceae	0.0909090909090909	0.636363636363636	0	0.909090909090909	-0.99774931948053	0.440139475703339	-0.945874743612903
Ginkgoaceae	0	0	0	1	-1.08444423217814	-0.474413201432644	-0.580386651604604
Gleicheniaceae	0	0	0	1	3.73861336987884	1.47418701337205	2.75958239749535
Gnetaceae	0	0.416666666666667	0	1	0.731079713059766	1.2696644576402	-0.0612314350875103
Grossulariaceae	0	0.12	0.12	1	1.40487164187791	0.159157149614291	1.36477128455143
Haloragaceae	0	0	0	1	0.229105891924812	0.165086283915532	0.596083214474186
Hamamelidaceae	0	0.05	0	1	1.54303599173836	0.469622258904567	1.72127196446116
Heliotropiaceae	0	0.6875	0.0625	1	-1.11888384885689	0.350974417557748	-1.02376564846713
Hernandiaceae	1	0	0	1	0.074671673001483	2.06964150105385	-0.636073361862377
Humiriaceae	0	1	0	1	0.350430409156477	0.099116520398973	0.376596513125904
Hydrangeaceae	0	0	0.8	1	0.160200751132482	-1.49285603948434	0.402237071171809
Hypericaceae	0.108695652173913	0.195652173913044	0.391304347826087	1	0.298365100992928	-0.474413201432644	0.499160142822997
Iridaceae	0	0.810344827586207	0.442528735632184	0.867816091954023	-0.462121740522827	-0.127786888436995	-0.420111135846866
Juglandaceae	0	0	0	1	1.54303599173836	-0.0267309840279248	1.72127196446116
Krameriaceae	0	0.793103448275862	0	0.724137931034483	-1.03218893615929	1.67076061982088	-1.61217680527316
Lamiaceae	0.0184331797235023	0.571428571428571	0.313364055299539	0.972350230414746	-0.721420619759638	0.153553791923008	-0.636073361862377
Lardizabalaceae	0	0	0	1	-1.37818272809371	0.311229671142833	-1.25215165003066
Lauraceae	0.224066390041494	0.315352697095436	0.0580912863070539	0.796680497925311	-0.0805224973430429	0.671929533688682	-1.04826075202989
Lecythidaceae	0	0	0	1	-0.358586995196439	-0.250572092730284	0.186098621389659
Loganiaceae	0	1	0	1	0.264331367459581	1.85528049170127	-0.654048186059507
Loranthaceae	0	0	0.307692307692308	1	0.367270241785258	-0.474413201432644	0.952583894383921
Lythraceae	0	0.114285714285714	0.285714285714286	1	0.142790954937804	-0.474413201432644	0.596083214474186
Malpighiaceae	0	0.125	0.375	1	0.0824136781049201	-0.288459912468437	0.0713769493079795
Malvaceae	0	0.169014084507042	0.338028169014084	0.943661971830986	0.436529450853373	0.153553791923008	0.796449637142188
Marcgraviaceae	0	0	1	1	0.177230571616562	-1.71008388300454	0.758737751081544
Melanthiaceae	0	0.333333333333333	0.833333333333333	1	-0.0990981281043292	-1.02960170012361	0.170326594275511
Melastomataceae	0	0.407407407407407	0.444444444444444	0.925925925925926	1.66452458939051	0.421993718528661	1.36477128455143
Meliaceae	0.207207207207207	0.36036036036036	0.0540540540540541	0.900900900900901	-0.651755527546112	0.507021413727782	-0.829919505164754
Menispermaceae	0	1	0	0	-0.634725707062032	0.560318467116963	-1.27329850202728
Molluginaceae	0	0	1	1	0.280955304798249	-1.64108439701537	0.827641243837207
Moraceae	0.618663594470046	0.118663594470046	0.0668202764976958	0.982718894009217	0.0572618768068045	1.68502963533706	-0.667264968557396
Muntingiaceae	0	0.739130434782609	0	0.934782608695652	-1.10147405266222	0.542791685501205	-1.34907472168185
Musaceae	0	0.0952380952380952	0.0952380952380952	0.904761904761905	1.40487164187791	0.165086283915532	1.36477128455143
Myricaceae	0.0208333333333333	0.291666666666667	0	0.916666666666667	-0.825525328651924	0.67546095214063	0.076927997957093
Myristicaceae	0	0.666666666666667	0.101010101010101	0.94949494949495	-0.755480260727799	0.591983953604911	-0.968078938209358
Myrtaceae	0.145161290322581	0.333333333333333	0.150537634408602	0.924731182795699	-0.79069278254516	0.469622258904567	-0.760839788642453
Namaceae	0	0.714285714285714	0	1	-0.98071949899645	0.161958828459933	-0.911246773468433
Nelumbonaceae	0	0	0	1	-0.963689678512369	-0.474413201432644	-0.279572681952642
Nothofagaceae	0	0.666666666666667	0.333333333333333	1	-1.11888384885689	0.350974417557748	-1.18642018507449
Nyctaginaceae	0	0.558823529411765	0	0.941176470588235	-0.756050224293696	0.193702501334271	-0.667264968557396
Nymphaeaceae	0	0	0.75	1	0.160200751132482	-1.03898406649041	0.578108390277056
Ochnaceae	0.0147058823529412	0.308823529411765	0.0588235294117647	0.926470588235294	0.95555899990722	1.8551501810573	0.0212412876993193
Olacaceae	0	0.5	0	1	-0.954794792559731	-0.471611522587003	-0.499059383300924
Onagraceae	0	0	0.75	1	0.298365100992928	-1.59853797175481	0.758737751081544
Onocleaceae	0	0.476190476190476	0.619047619047619	1	0.281335280508847	-0.784917403916115	0.596083214474186
Ophioglossaceae	0	0	0	1	-0.651755527546112	1.10716708459299	-0.992574041772112
Orchidaceae	0.018348623853211	0.706422018348624	0.137614678899083	0.880733944954128	0.0398520806121265	0.740212311135945	-0.861111111859773
Oxalidaceae	0	0	0	1	-0.358586995196439	-0.250572092730284	0.186098621389659
Paeoniaceae	0	0.1	0.3	1	0.272440394556209	-0.0452025178125614	0.705253837906752
Pandaceae	0.333333333333333	1	0	1	-0.825145352941325	-0.468809843741361	-0.417732114997245
Papaveraceae	0	0.5	0	0.666666666666667	-0.816427501126579	-0.00780336298934666	-0.636073361862377
Paracryphiaceae	0	0.444444444444444	0	1	1.09372334976767	2.09316257229284	0.346550360914035
Passifloraceae	0	0	0	1	-1.37818272809371	0.345371059866465	-1.31462297530402
Paulowniaceae	0.878787878787879	0.656565656565657	0	1	0.333970552238294	1.59648355275039	-0.473418825255019
Pentaphylacaceae	0	0	0	1	-1.08444423217814	-0.474413201432644	-0.580386651604604
Petiveriaceae	0	0.692307692307692	0.307692307692308	0.769230769230769	-0.755480260727799	0.412950159836218	-1.18642018507449
Phrymaceae	0.705882352941176	0.529411764705882	0	1	0.074671673001483	1.59648355275039	-0.829919505164754
Phyllanthaceae	0.10126582278481	0.126582278481013	0.354430379746835	0.974683544303798	0.558043955940337	-0.209361351570557	0.589386711341922
Physenaceae	1	0	0	1	0.074671673001483	2.16756995000732	-0.636073361862377
Phytolaccaceae	0	0	0	1	0.661794596556838	0.509823092573424	-0.148109752040303
Pinaceae	0	0.202702702702703	0.27027027027027	1	0.142790954937804	-0.11540086172638	0.402237071171809
Piperaceae	0.162790697674419	0.697674418604651	0.0465116279069767	0.86046511627907	-0.98923440923849	0.542791685501205	-1.34907472168185
Plantaginaceae	0	0.217391304347826	0.826086956521739	0.91304347826087	0.298365100992928	-1.74350856318626	0.758737751081544
Platanaceae	0.15	0	0.2	1	0.229105891924812	0.406747373182618	0.596083214474186
Plumbaginaceae	0	0.454545454545454	0.0606060606060606	1	-0.583256269899192	-0.0267309840279248	-0.223885971694868
Poaceae	0	0.545454545454545	0.136363636363636	0.909090909090909	-0.98923440923849	0.0882681592873611	-0.829919505164754
Podocarpaceae	0	0.136363636363636	0.25	1	0.31580080462242	-0.0298584394835245	0.239582534564451
Polygalaceae	0	0.5	0.125	0.875	-0.807912590884539	0.202746060026714	-0.695284547452922
Polygonaceae	0.0277777777777778	0.395833333333333	0.0763888888888889	0.9375	-0.0901902884342842	0.542791685501205	-0.251729326823755
Polypodiaceae	0	0	0.592592592592592	1	0.17761054732716	-1.28383776653508	0.758737751081544
Portulacaceae	0	0.25	0.5	1	-0.617695886577951	-0.551948034602724	-0.438967078877188
Posidoniaceae	0	0	1	1	0.17761054732716	-1.61365400645688	0.596083214474186
Primulaceae	0.28	0.44	0.2	1	-0.167977361461846	0.370130082223297	-0.79220761910411
Proteaceae	0	0	0.181818181818182	1	0.229105891924812	-0.474413201432644	0.596083214474186
Pteridaceae	0.0113636363636364	0.431818181818182	0	0.965909090909091	-0.185184216083819	1.28236974542858	-0.885606215422528
Ranunculaceae	0.125	0.5	0.5	1	1.03294018978937	-0.920140759177614	1.04377969361936
Rhamnaceae	0.172413793103448	0.258620689655172	0.189655172413793	0.896551724137931	0.0224293307000411	0.153553791923008	-0.580386651604604
Rhizophoraceae	0	0.046875	0.140625	0.96875	1.24948748367809	0.661439526848024	0.830020264686827
Rosaceae	0	0.28968253968254	0.46031746031746	0.972222222222222	0.280955304798249	-0.351562841817363	0.471140563927472
Rubiaceae	0	0.241379310344828	0.172413793103448	0.974137931034483	0.31580080462242	0.343579288511694	0.758737751081544
Rutaceae	0.287581699346405	0.565359477124183	0.333333333333333	0.866013071895425	-0.0634926768589624	0.474508908053942	-0.829919505164754
Salicaceae	0	0.320512820512821	0.166666666666667	1	-0.98071949899645	0.0852710144757446	-0.60823000673349
Santalaceae	0	0.538461538461538	0.782051282051282	0.948717948717949	0.661768689122024	-1.23171350894175	0.564891607779167
Sapindaceae	0	0.038961038961039	0.181818181818182	1	1.38746184568324	0.338334285091365	1.17092514124905
Sapotaceae	0	0.12	0.16	0.92	-0.825525328651924	-0.666230469376101	-0.223885971694868
Sarcolaenaceae	1	0.133333333333333	0	1	0.074671673001483	2.26145876899731	-0.992574041772112
Sarraceniaceae	0	0	1	1	0.177230571616562	-1.71008388300454	0.758737751081544
Saururaceae	0	0	1	1	1.42225553063778	-2.24096944659261	1.440547504206
Saxifragaceae	0	0	0.153846153846154	1	0.151305865179844	-0.206103585470974	0.734242647518789
Schisandraceae	0.19047619047619	0	0.0476190476190476	1	-0.496181381490988	0.508585141455582	-0.279572681952642
Sciadopityaceae	0	0	0	1	-1.08444423217814	-0.474413201432644	-0.580386651604604
Scrophulariaceae	0	0.571428571428571	0.714285714285714	1	0.419499630369293	-1.68467330742779	0.758737751081544
Selaginellaceae	0	0.615384615384615	0.0384615384615385	1	1.19744808294935	2.01712631152857	0.221607710367321
Simaroubaceae	0.08	0	0.08	1	-1.22260858203858	-0.282595933489187	-0.798727898469736
Siparunaceae	0	0	0	1	-1.10185402837281	-0.0382634760204492	-0.885606215422528
Smilacaceae	0	0.127272727272727	0.454545454545454	1	0.17761054732716	-0.517024782015192	0.239582534564451
Solanaceae	0.0317460317460317	0.26984126984127	0.285714285714286	1	0.142790954937804	-0.0382634760204492	-0.223885971694868
Stachyuraceae	0	0	0	1	5.69072994726517	-0.242395099820324	6.16757382051778
Stemonaceae	0	0.875	0	1	-1.01477913996461	1.21716881471152	-1.44952226866581
Symplocaceae	0	0	1	1	0.0394461974667146	-1.42183673851342	0.239582534564451
Tamaricaceae	0	0.5	0.5	1	-0.272095024071538	-1.22304785111686	0.142659462913262
Taxaceae	0	0	0	1	0.160213704849889	0.311588025413788	0.295269244822225
Tectariaceae	0	0	0.333333333333333	1	-0.946279882317691	-0.666230469376101	-0.223885971694868
Theaceae	0.00793650793650794	0.0158730158730159	0.158730158730159	1	1.54284600388306	0.221445637438321	1.72127196446116
Thelypteridaceae	0.0135135135135135	0.472972972972973	0.864864864864865	0.675675675675676	1.72509185407869	-1.31706698075083	1.10854192785902
Thymelaeaceae	0.0864197530864198	0.358024691358025	0.0987654320987654	0.975308641975309	1.09372334976767	1.16189755506599	0.346550360914035
Trochodendraceae	0	0	0	1	-1.08444423217814	-0.474413201432644	-0.580386651604604
Typhaceae	0	0	0	1	-1.15352640710836	-0.378504567460916	-0.758636991559471
Ulmaceae	0	0	0.8	1	0.160200751132482	-1.7033728848394	0.596083214474186
Urticaceae	0	0	0	1	1.40487164187791	0.288262420140772	1.36477128455143
Velloziaceae	0.5	0.2	0	1	-0.531000973880344	0.726660004161679	-0.732996433513566
Verbenaceae	0	0.133333333333333	0.2	1	-1.10185402837281	0.0327558249504639	-0.636073361862377
Viburnaceae	0	0.263157894736842	0.473684210526316	1	0.0394461974667146	-0.474413201432644	0.0457363912620739
Violaceae	0	0.933333333333333	0.8	1	1.66414461367991	-2.23536608890133	1.47825939026664
Vitaceae	0.0202020202020202	0.282828282828283	0.272727272727273	0.929292929292929	0.31580080462242	0.159157149614291	0.664986707229849
Vochysiaceae	0	0.785714285714286	0.0714285714285714	0.857142857142857	-0.496181381490988	0.749347087279176	-0.992574041772112
Winteraceae	0	0	0.666666666666667	1	0.298365100992928	-1.45695545706693	0.758737751081544
Woodsiaceae	0	0.75	0	0.75	-1.05812659631341	0.474508908053942	-1.34907472168185
Zingiberaceae	0.157608695652174	0.717391304347826	0.0108695652173913	0.951086956521739	-0.219066822914087	1.6964318166856	-1.02376564846713
Zygophyllaceae	0.428571428571429	0.571428571428571	0	1	-1.03218893615929	0.350974417557748	-1.18642018507449
