DATASET_HEATMAP
SEPARATOR TAB
DATASET_LABEL	Flavonoid subclass prevalence
COLOR	#000000
FIELD_LABELS	Chalcones	Flavanones	Flavan-3-ols	Proanthocyanins	Dihydroflavonols	Coumestan	Isoflavones	Flavandiols (Leucoanthocyanidins)	Flavans	Isoflavanones	Anthocyanidins	Aurones	Rotenoids	Flavonolignans	2-arylbenzofurans	Neoflavonoids	Pterocarpan
COLOR_MIN	#FFFFFF
COLOR_MAX	#54278F
DATA
Acanthaceae	0.181818182	0.81818182	0.00000000	0.00000000	0.00000000	0.00000000	0.000000000	0.000000000	0.000000000	0.000000000	0.000000000	0.000000000	0.000000000	0.0000000000	0.000000000	0.000000000	0.000000000
Achariaceae	0.000000000	0.00000000	1.00000000	0.00000000	0.00000000	0.00000000	0.000000000	0.000000000	0.000000000	0.000000000	0.000000000	0.000000000	0.000000000	0.0000000000	0.000000000	0.000000000	0.000000000
Actinidiaceae	0.034482759	0.06896552	0.44827586	0.44827586	0.00000000	0.00000000	0.000000000	0.000000000	0.000000000	0.000000000	0.000000000	0.000000000	0.000000000	0.0000000000	0.000000000	0.000000000	0.000000000
Aizoaceae	0.269230769	0.11538462	0.19230769	0.26923077	0.15384615	0.00000000	0.000000000	0.000000000	0.000000000	0.000000000	0.000000000	0.000000000	0.000000000	0.0000000000	0.000000000	0.000000000	0.000000000
Altingiaceae	0.000000000	0.25000000	0.50000000	0.25000000	0.00000000	0.00000000	0.000000000	0.000000000	0.000000000	0.000000000	0.000000000	0.000000000	0.000000000	0.0000000000	0.000000000	0.000000000	0.000000000
Amaranthaceae	0.000000000	0.42424242	0.00000000	0.00000000	0.15151515	0.03030303	0.393939394	0.000000000	0.000000000	0.000000000	0.000000000	0.000000000	0.000000000	0.0000000000	0.000000000	0.000000000	0.000000000
Amaryllidaceae	0.159420290	0.18840580	0.14492754	0.00000000	0.08695652	0.00000000	0.000000000	0.028985507	0.362318841	0.028985507	0.000000000	0.000000000	0.000000000	0.0000000000	0.000000000	0.000000000	0.000000000
Anacardiaceae	0.189873418	0.25316456	0.17721519	0.02531646	0.16455696	0.00000000	0.012658228	0.012658228	0.000000000	0.000000000	0.012658228	0.151898734	0.000000000	0.0000000000	0.000000000	0.000000000	0.000000000
Annonaceae	0.481481481	0.41269841	0.01587302	0.00000000	0.06349206	0.00000000	0.015873016	0.000000000	0.000000000	0.000000000	0.000000000	0.010582011	0.000000000	0.0000000000	0.000000000	0.000000000	0.000000000
Apiaceae	0.495145631	0.23300971	0.05825243	0.08737864	0.09708738	0.00000000	0.019417476	0.000000000	0.000000000	0.000000000	0.009708738	0.000000000	0.000000000	0.0000000000	0.000000000	0.000000000	0.000000000
Apocynaceae	0.011235955	0.15730337	0.15730337	0.31460674	0.08988764	0.00000000	0.078651685	0.000000000	0.000000000	0.000000000	0.033707865	0.000000000	0.157303371	0.0000000000	0.000000000	0.000000000	0.000000000
Aquifoliaceae	0.000000000	0.60000000	0.00000000	0.00000000	0.00000000	0.00000000	0.000000000	0.000000000	0.400000000	0.000000000	0.000000000	0.000000000	0.000000000	0.0000000000	0.000000000	0.000000000	0.000000000
Araceae	0.000000000	0.00000000	1.00000000	0.00000000	0.00000000	0.00000000	0.000000000	0.000000000	0.000000000	0.000000000	0.000000000	0.000000000	0.000000000	0.0000000000	0.000000000	0.000000000	0.000000000
Araliaceae	0.333333333	0.00000000	0.00000000	0.00000000	0.16666667	0.00000000	0.333333333	0.000000000	0.000000000	0.000000000	0.166666667	0.000000000	0.000000000	0.0000000000	0.000000000	0.000000000	0.000000000
Araucariaceae	0.400000000	0.00000000	0.00000000	0.00000000	0.00000000	0.00000000	0.600000000	0.000000000	0.000000000	0.000000000	0.000000000	0.000000000	0.000000000	0.0000000000	0.000000000	0.000000000	0.000000000
Arecaceae	0.048780488	0.00000000	0.09756098	0.39024390	0.00000000	0.00000000	0.000000000	0.024390244	0.439024390	0.000000000	0.000000000	0.000000000	0.000000000	0.0000000000	0.000000000	0.000000000	0.000000000
Aristolochiaceae	0.846153846	0.00000000	0.00000000	0.00000000	0.15384615	0.00000000	0.000000000	0.000000000	0.000000000	0.000000000	0.000000000	0.000000000	0.000000000	0.0000000000	0.000000000	0.000000000	0.000000000
Asparagaceae	0.203821656	0.06369427	0.05095541	0.01273885	0.00000000	0.00000000	0.025477707	0.006369427	0.184713376	0.324840764	0.012738854	0.031847134	0.070063694	0.0127388535	0.000000000	0.000000000	0.000000000
Asphodelaceae	0.323529412	0.44117647	0.00000000	0.00000000	0.00000000	0.00000000	0.058823529	0.000000000	0.058823529	0.000000000	0.117647059	0.000000000	0.000000000	0.0000000000	0.000000000	0.000000000	0.000000000
Aspleniaceae	0.000000000	0.80000000	0.00000000	0.00000000	0.20000000	0.00000000	0.000000000	0.000000000	0.000000000	0.000000000	0.000000000	0.000000000	0.000000000	0.0000000000	0.000000000	0.000000000	0.000000000
Asteraceae	0.313572543	0.32917317	0.02808112	0.01404056	0.17628705	0.00624025	0.026521061	0.021840874	0.000000000	0.000000000	0.001560062	0.063962559	0.003120125	0.0015600624	0.003120125	0.006240250	0.004680187
Athyriaceae	0.000000000	1.00000000	0.00000000	0.00000000	0.00000000	0.00000000	0.000000000	0.000000000	0.000000000	0.000000000	0.000000000	0.000000000	0.000000000	0.0000000000	0.000000000	0.000000000	0.000000000
Balanophoraceae	0.674418605	0.27906977	0.00000000	0.00000000	0.00000000	0.00000000	0.000000000	0.000000000	0.000000000	0.000000000	0.000000000	0.000000000	0.046511628	0.0000000000	0.000000000	0.000000000	0.000000000
Balsaminaceae	0.000000000	0.00000000	0.00000000	0.00000000	0.00000000	0.00000000	0.000000000	0.000000000	0.000000000	0.000000000	0.000000000	0.000000000	0.000000000	0.0000000000	0.000000000	1.000000000	0.000000000
Basellaceae	1.000000000	0.00000000	0.00000000	0.00000000	0.00000000	0.00000000	0.000000000	0.000000000	0.000000000	0.000000000	0.000000000	0.000000000	0.000000000	0.0000000000	0.000000000	0.000000000	0.000000000
Begoniaceae	0.187500000	0.00000000	0.43750000	0.12500000	0.00000000	0.00000000	0.125000000	0.000000000	0.000000000	0.000000000	0.125000000	0.000000000	0.000000000	0.0000000000	0.000000000	0.000000000	0.000000000
Berberidaceae	0.000000000	0.08333333	0.00000000	0.00000000	0.25000000	0.00000000	0.333333333	0.000000000	0.000000000	0.000000000	0.166666667	0.000000000	0.000000000	0.1666666667	0.000000000	0.000000000	0.000000000
Betulaceae	0.000000000	0.28888889	0.46666667	0.06666667	0.17777778	0.00000000	0.000000000	0.000000000	0.000000000	0.000000000	0.000000000	0.000000000	0.000000000	0.0000000000	0.000000000	0.000000000	0.000000000
Bignoniaceae	0.043478261	0.39130435	0.26086957	0.13043478	0.08695652	0.00000000	0.086956522	0.000000000	0.000000000	0.000000000	0.000000000	0.000000000	0.000000000	0.0000000000	0.000000000	0.000000000	0.000000000
Bixaceae	0.000000000	1.00000000	0.00000000	0.00000000	0.00000000	0.00000000	0.000000000	0.000000000	0.000000000	0.000000000	0.000000000	0.000000000	0.000000000	0.0000000000	0.000000000	0.000000000	0.000000000
Blechnaceae	0.000000000	0.20000000	0.60000000	0.00000000	0.00000000	0.00000000	0.000000000	0.000000000	0.000000000	0.000000000	0.000000000	0.000000000	0.000000000	0.2000000000	0.000000000	0.000000000	0.000000000
Bonnetiaceae	0.000000000	1.00000000	0.00000000	0.00000000	0.00000000	0.00000000	0.000000000	0.000000000	0.000000000	0.000000000	0.000000000	0.000000000	0.000000000	0.0000000000	0.000000000	0.000000000	0.000000000
Boraginaceae	0.000000000	0.83333333	0.16666667	0.00000000	0.00000000	0.00000000	0.000000000	0.000000000	0.000000000	0.000000000	0.000000000	0.000000000	0.000000000	0.0000000000	0.000000000	0.000000000	0.000000000
Brassicaceae	0.100000000	0.35000000	0.02500000	0.02500000	0.32500000	0.02500000	0.000000000	0.125000000	0.000000000	0.000000000	0.025000000	0.000000000	0.000000000	0.0000000000	0.000000000	0.000000000	0.000000000
Bromeliaceae	0.000000000	0.22727273	0.36363636	0.40909091	0.00000000	0.00000000	0.000000000	0.000000000	0.000000000	0.000000000	0.000000000	0.000000000	0.000000000	0.0000000000	0.000000000	0.000000000	0.000000000
Burseraceae	0.000000000	0.18750000	0.06250000	0.00000000	0.75000000	0.00000000	0.000000000	0.000000000	0.000000000	0.000000000	0.000000000	0.000000000	0.000000000	0.0000000000	0.000000000	0.000000000	0.000000000
Cactaceae	0.000000000	0.10000000	0.00000000	0.00000000	0.20000000	0.00000000	0.000000000	0.000000000	0.000000000	0.600000000	0.000000000	0.100000000	0.000000000	0.0000000000	0.000000000	0.000000000	0.000000000
Calceolariaceae	0.000000000	0.66666667	0.00000000	0.00000000	0.33333333	0.00000000	0.000000000	0.000000000	0.000000000	0.000000000	0.000000000	0.000000000	0.000000000	0.0000000000	0.000000000	0.000000000	0.000000000
Calophyllaceae	0.000000000	0.54545455	0.27272727	0.00000000	0.00000000	0.00000000	0.000000000	0.000000000	0.000000000	0.000000000	0.000000000	0.000000000	0.000000000	0.0000000000	0.000000000	0.181818182	0.000000000
Campanulaceae	0.000000000	0.00000000	0.14285714	0.14285714	0.71428571	0.00000000	0.000000000	0.000000000	0.000000000	0.000000000	0.000000000	0.000000000	0.000000000	0.0000000000	0.000000000	0.000000000	0.000000000
Cannabaceae	0.714285714	0.18181818	0.05194805	0.05194805	0.00000000	0.00000000	0.000000000	0.000000000	0.000000000	0.000000000	0.000000000	0.000000000	0.000000000	0.0000000000	0.000000000	0.000000000	0.000000000
Caprifoliaceae	0.000000000	0.66666667	0.00000000	0.00000000	0.00000000	0.00000000	0.000000000	0.000000000	0.000000000	0.000000000	0.000000000	0.000000000	0.333333333	0.0000000000	0.000000000	0.000000000	0.000000000
Caryophyllaceae	0.285714286	0.14285714	0.14285714	0.00000000	0.07142857	0.00000000	0.071428571	0.000000000	0.000000000	0.000000000	0.285714286	0.000000000	0.000000000	0.0000000000	0.000000000	0.000000000	0.000000000
Casuarinaceae	0.000000000	0.00000000	1.00000000	0.00000000	0.00000000	0.00000000	0.000000000	0.000000000	0.000000000	0.000000000	0.000000000	0.000000000	0.000000000	0.0000000000	0.000000000	0.000000000	0.000000000
Celastraceae	0.000000000	0.12280702	0.43859649	0.24561404	0.19298246	0.00000000	0.000000000	0.000000000	0.000000000	0.000000000	0.000000000	0.000000000	0.000000000	0.0000000000	0.000000000	0.000000000	0.000000000
Cephalotaxaceae	0.000000000	0.00000000	0.50000000	0.00000000	0.30000000	0.00000000	0.200000000	0.000000000	0.000000000	0.000000000	0.000000000	0.000000000	0.000000000	0.0000000000	0.000000000	0.000000000	0.000000000
Cercidiphyllaceae	0.000000000	0.00000000	0.00000000	0.00000000	1.00000000	0.00000000	0.000000000	0.000000000	0.000000000	0.000000000	0.000000000	0.000000000	0.000000000	0.0000000000	0.000000000	0.000000000	0.000000000
Chloranthaceae	0.300000000	0.53333333	0.00000000	0.00000000	0.16666667	0.00000000	0.000000000	0.000000000	0.000000000	0.000000000	0.000000000	0.000000000	0.000000000	0.0000000000	0.000000000	0.000000000	0.000000000
Chrysobalanaceae	0.000000000	0.60000000	0.33333333	0.00000000	0.06666667	0.00000000	0.000000000	0.000000000	0.000000000	0.000000000	0.000000000	0.000000000	0.000000000	0.0000000000	0.000000000	0.000000000	0.000000000
Cistaceae	0.000000000	0.44444444	0.44444444	0.00000000	0.11111111	0.00000000	0.000000000	0.000000000	0.000000000	0.000000000	0.000000000	0.000000000	0.000000000	0.0000000000	0.000000000	0.000000000	0.000000000
Cleomaceae	0.000000000	1.00000000	0.00000000	0.00000000	0.00000000	0.00000000	0.000000000	0.000000000	0.000000000	0.000000000	0.000000000	0.000000000	0.000000000	0.0000000000	0.000000000	0.000000000	0.000000000
Clusiaceae	0.008264463	0.58677686	0.04132231	0.06611570	0.18181818	0.00000000	0.099173554	0.000000000	0.000000000	0.016528926	0.000000000	0.000000000	0.000000000	0.0000000000	0.000000000	0.000000000	0.000000000
Combretaceae	0.028169014	0.19718310	0.15492958	0.05633803	0.15492958	0.00000000	0.014084507	0.309859155	0.084507042	0.000000000	0.000000000	0.000000000	0.000000000	0.0000000000	0.000000000	0.000000000	0.000000000
Convolvulaceae	0.025641026	0.10256410	0.00000000	0.00000000	0.12820513	0.00000000	0.051282051	0.000000000	0.076923077	0.025641026	0.410256410	0.076923077	0.076923077	0.0000000000	0.000000000	0.000000000	0.025641026
Cordiaceae	1.000000000	0.00000000	0.00000000	0.00000000	0.00000000	0.00000000	0.000000000	0.000000000	0.000000000	0.000000000	0.000000000	0.000000000	0.000000000	0.0000000000	0.000000000	0.000000000	0.000000000
Coriariaceae	0.000000000	1.00000000	0.00000000	0.00000000	0.00000000	0.00000000	0.000000000	0.000000000	0.000000000	0.000000000	0.000000000	0.000000000	0.000000000	0.0000000000	0.000000000	0.000000000	0.000000000
Cornaceae	0.000000000	0.00000000	0.40000000	0.20000000	0.40000000	0.00000000	0.000000000	0.000000000	0.000000000	0.000000000	0.000000000	0.000000000	0.000000000	0.0000000000	0.000000000	0.000000000	0.000000000
Crassulaceae	0.000000000	0.10256410	0.46153846	0.30769231	0.07692308	0.00000000	0.000000000	0.000000000	0.000000000	0.000000000	0.000000000	0.000000000	0.000000000	0.0512820513	0.000000000	0.000000000	0.000000000
Cucurbitaceae	0.000000000	0.10526316	0.31578947	0.47368421	0.05263158	0.00000000	0.052631579	0.000000000	0.000000000	0.000000000	0.000000000	0.000000000	0.000000000	0.0000000000	0.000000000	0.000000000	0.000000000
Cunoniaceae	0.000000000	0.00000000	0.00000000	0.00000000	1.00000000	0.00000000	0.000000000	0.000000000	0.000000000	0.000000000	0.000000000	0.000000000	0.000000000	0.0000000000	0.000000000	0.000000000	0.000000000
Cupressaceae	0.046511628	0.32558140	0.16279070	0.16279070	0.23255814	0.00000000	0.069767442	0.000000000	0.000000000	0.000000000	0.000000000	0.000000000	0.000000000	0.0000000000	0.000000000	0.000000000	0.000000000
Cyatheaceae	0.000000000	1.00000000	0.00000000	0.00000000	0.00000000	0.00000000	0.000000000	0.000000000	0.000000000	0.000000000	0.000000000	0.000000000	0.000000000	0.0000000000	0.000000000	0.000000000	0.000000000
Cycadaceae	0.000000000	0.75000000	0.25000000	0.00000000	0.00000000	0.00000000	0.000000000	0.000000000	0.000000000	0.000000000	0.000000000	0.000000000	0.000000000	0.0000000000	0.000000000	0.000000000	0.000000000
Cynomoriaceae	0.166666667	0.16666667	0.33333333	0.33333333	0.00000000	0.00000000	0.000000000	0.000000000	0.000000000	0.000000000	0.000000000	0.000000000	0.000000000	0.0000000000	0.000000000	0.000000000	0.000000000
Cyperaceae	0.076923077	0.30769231	0.00000000	0.00000000	0.00000000	0.00000000	0.115384615	0.000000000	0.346153846	0.000000000	0.000000000	0.153846154	0.000000000	0.0000000000	0.000000000	0.000000000	0.000000000
Daphniphyllaceae	0.000000000	0.33333333	0.33333333	0.00000000	0.00000000	0.00000000	0.333333333	0.000000000	0.000000000	0.000000000	0.000000000	0.000000000	0.000000000	0.0000000000	0.000000000	0.000000000	0.000000000
Davalliaceae	0.000000000	0.09090909	0.40909091	0.50000000	0.00000000	0.00000000	0.000000000	0.000000000	0.000000000	0.000000000	0.000000000	0.000000000	0.000000000	0.0000000000	0.000000000	0.000000000	0.000000000
Dennstaedtiaceae	0.000000000	1.00000000	0.00000000	0.00000000	0.00000000	0.00000000	0.000000000	0.000000000	0.000000000	0.000000000	0.000000000	0.000000000	0.000000000	0.0000000000	0.000000000	0.000000000	0.000000000
Diapensiaceae	0.000000000	0.00000000	1.00000000	0.00000000	0.00000000	0.00000000	0.000000000	0.000000000	0.000000000	0.000000000	0.000000000	0.000000000	0.000000000	0.0000000000	0.000000000	0.000000000	0.000000000
Didiereaceae	0.000000000	0.50000000	0.00000000	0.00000000	0.50000000	0.00000000	0.000000000	0.000000000	0.000000000	0.000000000	0.000000000	0.000000000	0.000000000	0.0000000000	0.000000000	0.000000000	0.000000000
Dilleniaceae	0.000000000	0.57142857	0.00000000	0.00000000	0.42857143	0.00000000	0.000000000	0.000000000	0.000000000	0.000000000	0.000000000	0.000000000	0.000000000	0.0000000000	0.000000000	0.000000000	0.000000000
Dioscoreaceae	0.033333333	0.03333333	0.10000000	0.63333333	0.00000000	0.00000000	0.000000000	0.000000000	0.033333333	0.000000000	0.166666667	0.000000000	0.000000000	0.0000000000	0.000000000	0.000000000	0.000000000
Dipterocarpaceae	0.090909091	0.81818182	0.00000000	0.00000000	0.09090909	0.00000000	0.000000000	0.000000000	0.000000000	0.000000000	0.000000000	0.000000000	0.000000000	0.0000000000	0.000000000	0.000000000	0.000000000
Dryopteridaceae	0.000000000	0.34615385	0.19230769	0.46153846	0.00000000	0.00000000	0.000000000	0.000000000	0.000000000	0.000000000	0.000000000	0.000000000	0.000000000	0.0000000000	0.000000000	0.000000000	0.000000000
Ebenaceae	0.000000000	0.00000000	0.65384615	0.34615385	0.00000000	0.00000000	0.000000000	0.000000000	0.000000000	0.000000000	0.000000000	0.000000000	0.000000000	0.0000000000	0.000000000	0.000000000	0.000000000
Elaeagnaceae	0.000000000	0.00000000	1.00000000	0.00000000	0.00000000	0.00000000	0.000000000	0.000000000	0.000000000	0.000000000	0.000000000	0.000000000	0.000000000	0.0000000000	0.000000000	0.000000000	0.000000000
Elatinaceae	0.000000000	0.00000000	1.00000000	0.00000000	0.00000000	0.00000000	0.000000000	0.000000000	0.000000000	0.000000000	0.000000000	0.000000000	0.000000000	0.0000000000	0.000000000	0.000000000	0.000000000
Ephedraceae	0.000000000	0.00000000	0.25000000	0.50000000	0.00000000	0.00000000	0.000000000	0.000000000	0.000000000	0.000000000	0.250000000	0.000000000	0.000000000	0.0000000000	0.000000000	0.000000000	0.000000000
Ericaceae	0.216867470	0.21084337	0.11445783	0.16265060	0.21686747	0.00000000	0.000000000	0.000000000	0.000000000	0.000000000	0.072289157	0.006024096	0.000000000	0.0000000000	0.000000000	0.000000000	0.000000000
Eriocaulaceae	0.000000000	0.00000000	0.00000000	0.00000000	0.00000000	0.00000000	0.714285714	0.000000000	0.285714286	0.000000000	0.000000000	0.000000000	0.000000000	0.0000000000	0.000000000	0.000000000	0.000000000
Erythroxylaceae	0.100000000	0.10000000	0.25000000	0.25000000	0.20000000	0.00000000	0.000000000	0.000000000	0.000000000	0.000000000	0.000000000	0.000000000	0.000000000	0.0000000000	0.000000000	0.000000000	0.100000000
Eucommiaceae	0.200000000	0.00000000	0.80000000	0.00000000	0.00000000	0.00000000	0.000000000	0.000000000	0.000000000	0.000000000	0.000000000	0.000000000	0.000000000	0.0000000000	0.000000000	0.000000000	0.000000000
Euphorbiaceae	0.072115385	0.54807692	0.12980769	0.10576923	0.08653846	0.00000000	0.000000000	0.004807692	0.000000000	0.004807692	0.000000000	0.000000000	0.009615385	0.0288461538	0.000000000	0.009615385	0.000000000
Eupteleaceae	0.000000000	0.00000000	1.00000000	0.00000000	0.00000000	0.00000000	0.000000000	0.000000000	0.000000000	0.000000000	0.000000000	0.000000000	0.000000000	0.0000000000	0.000000000	0.000000000	0.000000000
Fabaceae	0.111426699	0.16473673	0.03189862	0.02621805	0.04260433	0.01835263	0.219794625	0.036486782	0.005680577	0.127376010	0.001966354	0.010268735	0.041730391	0.0004369674	0.017915665	0.002403321	0.140703518
Fagaceae	0.121621622	0.00000000	0.41891892	0.31081081	0.10810811	0.00000000	0.013513514	0.000000000	0.000000000	0.000000000	0.000000000	0.000000000	0.000000000	0.0000000000	0.027027027	0.000000000	0.000000000
Francoaceae	0.500000000	0.25000000	0.00000000	0.00000000	0.25000000	0.00000000	0.000000000	0.000000000	0.000000000	0.000000000	0.000000000	0.000000000	0.000000000	0.0000000000	0.000000000	0.000000000	0.000000000
Gentianaceae	0.105263158	0.00000000	0.15789474	0.00000000	0.15789474	0.00000000	0.000000000	0.000000000	0.578947368	0.000000000	0.000000000	0.000000000	0.000000000	0.0000000000	0.000000000	0.000000000	0.000000000
Geraniaceae	0.000000000	0.07142857	0.19047619	0.50000000	0.21428571	0.00000000	0.000000000	0.000000000	0.000000000	0.000000000	0.023809524	0.000000000	0.000000000	0.0000000000	0.000000000	0.000000000	0.000000000
Gesneriaceae	0.500000000	0.27272727	0.18181818	0.00000000	0.00000000	0.00000000	0.045454545	0.000000000	0.000000000	0.000000000	0.000000000	0.000000000	0.000000000	0.0000000000	0.000000000	0.000000000	0.000000000
Ginkgoaceae	0.125000000	0.12500000	0.50000000	0.00000000	0.25000000	0.00000000	0.000000000	0.000000000	0.000000000	0.000000000	0.000000000	0.000000000	0.000000000	0.0000000000	0.000000000	0.000000000	0.000000000
Gleicheniaceae	0.000000000	0.00000000	0.20000000	0.80000000	0.00000000	0.00000000	0.000000000	0.000000000	0.000000000	0.000000000	0.000000000	0.000000000	0.000000000	0.0000000000	0.000000000	0.000000000	0.000000000
Gnetaceae	0.083333333	0.08333333	0.66666667	0.00000000	0.00000000	0.00000000	0.000000000	0.000000000	0.000000000	0.000000000	0.000000000	0.000000000	0.000000000	0.0000000000	0.166666667	0.000000000	0.000000000
Grossulariaceae	0.000000000	0.16000000	0.28000000	0.44000000	0.00000000	0.00000000	0.000000000	0.000000000	0.000000000	0.000000000	0.120000000	0.000000000	0.000000000	0.0000000000	0.000000000	0.000000000	0.000000000
Haloragaceae	0.000000000	0.00000000	1.00000000	0.00000000	0.00000000	0.00000000	0.000000000	0.000000000	0.000000000	0.000000000	0.000000000	0.000000000	0.000000000	0.0000000000	0.000000000	0.000000000	0.000000000
Hamamelidaceae	0.000000000	0.00000000	0.35000000	0.65000000	0.00000000	0.00000000	0.000000000	0.000000000	0.000000000	0.000000000	0.000000000	0.000000000	0.000000000	0.0000000000	0.000000000	0.000000000	0.000000000
Heliotropiaceae	0.125000000	0.68750000	0.00000000	0.00000000	0.06250000	0.00000000	0.062500000	0.000000000	0.000000000	0.000000000	0.000000000	0.000000000	0.000000000	0.0000000000	0.062500000	0.000000000	0.000000000
Hernandiaceae	0.000000000	1.00000000	0.00000000	0.00000000	0.00000000	0.00000000	0.000000000	0.000000000	0.000000000	0.000000000	0.000000000	0.000000000	0.000000000	0.0000000000	0.000000000	0.000000000	0.000000000
Humiriaceae	0.000000000	0.00000000	0.50000000	0.50000000	0.00000000	0.00000000	0.000000000	0.000000000	0.000000000	0.000000000	0.000000000	0.000000000	0.000000000	0.0000000000	0.000000000	0.000000000	0.000000000
Hydrangeaceae	0.000000000	0.80000000	0.20000000	0.00000000	0.00000000	0.00000000	0.000000000	0.000000000	0.000000000	0.000000000	0.000000000	0.000000000	0.000000000	0.0000000000	0.000000000	0.000000000	0.000000000
Hypericaceae	0.152173913	0.04347826	0.10869565	0.10869565	0.43478261	0.00000000	0.021739130	0.000000000	0.000000000	0.000000000	0.000000000	0.000000000	0.000000000	0.1304347826	0.000000000	0.000000000	0.000000000
Iridaceae	0.005747126	0.10344828	0.01149425	0.00000000	0.09770115	0.00000000	0.758620690	0.000000000	0.000000000	0.011494253	0.000000000	0.005747126	0.005747126	0.0000000000	0.000000000	0.000000000	0.000000000
Juglandaceae	0.000000000	0.00000000	0.76666667	0.16666667	0.06666667	0.00000000	0.000000000	0.000000000	0.000000000	0.000000000	0.000000000	0.000000000	0.000000000	0.0000000000	0.000000000	0.000000000	0.000000000
Krameriaceae	0.000000000	0.00000000	0.00000000	0.00000000	0.00000000	0.00000000	0.000000000	0.000000000	0.000000000	0.000000000	0.000000000	0.000000000	0.000000000	0.0000000000	1.000000000	0.000000000	0.000000000
Lamiaceae	0.142857143	0.69124424	0.05990783	0.00000000	0.05990783	0.00000000	0.013824885	0.009216590	0.009216590	0.000000000	0.013824885	0.000000000	0.000000000	0.0000000000	0.000000000	0.000000000	0.000000000
Lardizabalaceae	0.500000000	0.50000000	0.00000000	0.00000000	0.00000000	0.00000000	0.000000000	0.000000000	0.000000000	0.000000000	0.000000000	0.000000000	0.000000000	0.0000000000	0.000000000	0.000000000	0.000000000
Lauraceae	0.344398340	0.30290456	0.11203320	0.14937759	0.04564315	0.00000000	0.004149378	0.033195021	0.000000000	0.004149378	0.000000000	0.000000000	0.000000000	0.0000000000	0.004149378	0.000000000	0.000000000
Lecythidaceae	0.000000000	0.00000000	1.00000000	0.00000000	0.00000000	0.00000000	0.000000000	0.000000000	0.000000000	0.000000000	0.000000000	0.000000000	0.000000000	0.0000000000	0.000000000	0.000000000	0.000000000
Loganiaceae	1.000000000	0.00000000	0.00000000	0.00000000	0.00000000	0.00000000	0.000000000	0.000000000	0.000000000	0.000000000	0.000000000	0.000000000	0.000000000	0.0000000000	0.000000000	0.000000000	0.000000000
Loranthaceae	0.000000000	0.00000000	0.61538462	0.07692308	0.30769231	0.00000000	0.000000000	0.000000000	0.000000000	0.000000000	0.000000000	0.000000000	0.000000000	0.0000000000	0.000000000	0.000000000	0.000000000
Lythraceae	0.085714286	0.17142857	0.17142857	0.25714286	0.08571429	0.02857143	0.114285714	0.000000000	0.000000000	0.000000000	0.085714286	0.000000000	0.000000000	0.0000000000	0.000000000	0.000000000	0.000000000
Malpighiaceae	0.000000000	0.00000000	0.50000000	0.12500000	0.25000000	0.00000000	0.000000000	0.125000000	0.000000000	0.000000000	0.000000000	0.000000000	0.000000000	0.0000000000	0.000000000	0.000000000	0.000000000
Malvaceae	0.056338028	0.08450704	0.14084507	0.30985915	0.16901408	0.00000000	0.169014085	0.000000000	0.000000000	0.028169014	0.014084507	0.000000000	0.000000000	0.0000000000	0.000000000	0.000000000	0.028169014
Marcgraviaceae	0.000000000	0.00000000	0.00000000	0.00000000	1.00000000	0.00000000	0.000000000	0.000000000	0.000000000	0.000000000	0.000000000	0.000000000	0.000000000	0.0000000000	0.000000000	0.000000000	0.000000000
Melanthiaceae	0.000000000	0.00000000	0.00000000	0.00000000	0.00000000	0.00000000	0.000000000	0.000000000	0.000000000	0.000000000	0.000000000	0.000000000	0.000000000	0.0000000000	1.000000000	0.000000000	0.000000000
Melastomataceae	0.148148148	0.40740741	0.22222222	0.11111111	0.07407407	0.00000000	0.037037037	0.000000000	0.000000000	0.000000000	0.000000000	0.000000000	0.000000000	0.0000000000	0.000000000	0.000000000	0.000000000
Meliaceae	0.144144144	0.34234234	0.22522523	0.08108108	0.01801802	0.00000000	0.018018018	0.018018018	0.090090090	0.054054054	0.000000000	0.000000000	0.009009009	0.0000000000	0.000000000	0.000000000	0.000000000
Menispermaceae	1.000000000	0.00000000	0.00000000	0.00000000	0.00000000	0.00000000	0.000000000	0.000000000	0.000000000	0.000000000	0.000000000	0.000000000	0.000000000	0.0000000000	0.000000000	0.000000000	0.000000000
Molluginaceae	0.000000000	0.00000000	0.00000000	0.00000000	0.00000000	0.00000000	1.000000000	0.000000000	0.000000000	0.000000000	0.000000000	0.000000000	0.000000000	0.0000000000	0.000000000	0.000000000	0.000000000
Moraceae	0.279953917	0.19239631	0.02649770	0.01152074	0.09907834	0.00000000	0.067972350	0.000000000	0.067972350	0.013824885	0.000000000	0.012672811	0.000000000	0.0000000000	0.211981567	0.000000000	0.016129032
Muntingiaceae	0.260869565	0.32608696	0.00000000	0.00000000	0.13043478	0.00000000	0.043478261	0.000000000	0.239130435	0.000000000	0.000000000	0.000000000	0.000000000	0.0000000000	0.000000000	0.000000000	0.000000000
Musaceae	0.000000000	0.09523810	0.38095238	0.42857143	0.00000000	0.00000000	0.000000000	0.095238095	0.000000000	0.000000000	0.000000000	0.000000000	0.000000000	0.0000000000	0.000000000	0.000000000	0.000000000
Myricaceae	0.333333333	0.08333333	0.18750000	0.31250000	0.08333333	0.00000000	0.000000000	0.000000000	0.000000000	0.000000000	0.000000000	0.000000000	0.000000000	0.0000000000	0.000000000	0.000000000	0.000000000
Myristicaceae	0.484848485	0.04040404	0.05050505	0.03030303	0.08080808	0.00000000	0.111111111	0.020202020	0.181818182	0.000000000	0.000000000	0.000000000	0.000000000	0.0000000000	0.000000000	0.000000000	0.000000000
Myrtaceae	0.161290323	0.48387097	0.14516129	0.08602151	0.09677419	0.00000000	0.026881720	0.000000000	0.000000000	0.000000000	0.000000000	0.000000000	0.000000000	0.0000000000	0.000000000	0.000000000	0.000000000
Namaceae	0.071428571	0.92857143	0.00000000	0.00000000	0.00000000	0.00000000	0.000000000	0.000000000	0.000000000	0.000000000	0.000000000	0.000000000	0.000000000	0.0000000000	0.000000000	0.000000000	0.000000000
Nelumbonaceae	0.000000000	0.00000000	0.37500000	0.25000000	0.37500000	0.00000000	0.000000000	0.000000000	0.000000000	0.000000000	0.000000000	0.000000000	0.000000000	0.0000000000	0.000000000	0.000000000	0.000000000
Nothofagaceae	0.500000000	0.33333333	0.00000000	0.00000000	0.16666667	0.00000000	0.000000000	0.000000000	0.000000000	0.000000000	0.000000000	0.000000000	0.000000000	0.0000000000	0.000000000	0.000000000	0.000000000
Nyctaginaceae	0.000000000	0.14705882	0.00000000	0.00000000	0.11764706	0.00000000	0.117647059	0.000000000	0.000000000	0.000000000	0.000000000	0.000000000	0.617647059	0.0000000000	0.000000000	0.000000000	0.000000000
Nymphaeaceae	0.250000000	0.41666667	0.00000000	0.00000000	0.00000000	0.00000000	0.166666667	0.000000000	0.000000000	0.000000000	0.166666667	0.000000000	0.000000000	0.0000000000	0.000000000	0.000000000	0.000000000
Ochnaceae	0.411764706	0.29411765	0.04411765	0.01470588	0.05882353	0.00000000	0.132352941	0.000000000	0.000000000	0.044117647	0.000000000	0.000000000	0.000000000	0.0000000000	0.000000000	0.000000000	0.000000000
Olacaceae	0.000000000	0.00000000	0.75000000	0.25000000	0.00000000	0.00000000	0.000000000	0.000000000	0.000000000	0.000000000	0.000000000	0.000000000	0.000000000	0.0000000000	0.000000000	0.000000000	0.000000000
Onagraceae	0.000000000	0.00000000	0.18750000	0.06250000	0.68750000	0.00000000	0.000000000	0.000000000	0.000000000	0.000000000	0.062500000	0.000000000	0.000000000	0.0000000000	0.000000000	0.000000000	0.000000000
Onocleaceae	0.000000000	1.00000000	0.00000000	0.00000000	0.00000000	0.00000000	0.000000000	0.000000000	0.000000000	0.000000000	0.000000000	0.000000000	0.000000000	0.0000000000	0.000000000	0.000000000	0.000000000
Ophioglossaceae	0.000000000	1.00000000	0.00000000	0.00000000	0.00000000	0.00000000	0.000000000	0.000000000	0.000000000	0.000000000	0.000000000	0.000000000	0.000000000	0.0000000000	0.000000000	0.000000000	0.000000000
Orchidaceae	0.055045872	0.15596330	0.48623853	0.01834862	0.06422018	0.00000000	0.000000000	0.000000000	0.009174312	0.000000000	0.082568807	0.000000000	0.000000000	0.0000000000	0.128440367	0.000000000	0.000000000
Oxalidaceae	0.000000000	0.00000000	0.83333333	0.16666667	0.00000000	0.00000000	0.000000000	0.000000000	0.000000000	0.000000000	0.000000000	0.000000000	0.000000000	0.0000000000	0.000000000	0.000000000	0.000000000
Paeoniaceae	0.100000000	0.00000000	0.70000000	0.20000000	0.00000000	0.00000000	0.000000000	0.000000000	0.000000000	0.000000000	0.000000000	0.000000000	0.000000000	0.0000000000	0.000000000	0.000000000	0.000000000
Pandaceae	0.000000000	0.00000000	0.66666667	0.00000000	0.00000000	0.00000000	0.000000000	0.000000000	0.000000000	0.000000000	0.000000000	0.333333333	0.000000000	0.0000000000	0.000000000	0.000000000	0.000000000
Papaveraceae	0.333333333	0.33333333	0.00000000	0.00000000	0.00000000	0.00000000	0.333333333	0.000000000	0.000000000	0.000000000	0.000000000	0.000000000	0.000000000	0.0000000000	0.000000000	0.000000000	0.000000000
Paracryphiaceae	0.000000000	1.00000000	0.00000000	0.00000000	0.00000000	0.00000000	0.000000000	0.000000000	0.000000000	0.000000000	0.000000000	0.000000000	0.000000000	0.0000000000	0.000000000	0.000000000	0.000000000
Passifloraceae	0.000000000	0.50000000	0.00000000	0.00000000	0.00000000	0.00000000	0.000000000	0.000000000	0.000000000	0.000000000	0.000000000	0.250000000	0.000000000	0.0000000000	0.000000000	0.250000000	0.000000000
Paulowniaceae	0.000000000	0.73737374	0.00000000	0.00000000	0.26262626	0.00000000	0.000000000	0.000000000	0.000000000	0.000000000	0.000000000	0.000000000	0.000000000	0.0000000000	0.000000000	0.000000000	0.000000000
Pentaphylacaceae	0.000000000	0.00000000	1.00000000	0.00000000	0.00000000	0.00000000	0.000000000	0.000000000	0.000000000	0.000000000	0.000000000	0.000000000	0.000000000	0.0000000000	0.000000000	0.000000000	0.000000000
Petiveriaceae	0.000000000	0.69230769	0.00000000	0.00000000	0.30769231	0.00000000	0.000000000	0.000000000	0.000000000	0.000000000	0.000000000	0.000000000	0.000000000	0.0000000000	0.000000000	0.000000000	0.000000000
Phrymaceae	0.235294118	0.47058824	0.00000000	0.00000000	0.29411765	0.00000000	0.000000000	0.000000000	0.000000000	0.000000000	0.000000000	0.000000000	0.000000000	0.0000000000	0.000000000	0.000000000	0.000000000
Phyllanthaceae	0.000000000	0.32911392	0.40506329	0.20253165	0.05063291	0.00000000	0.012658228	0.000000000	0.000000000	0.000000000	0.000000000	0.000000000	0.000000000	0.0000000000	0.000000000	0.000000000	0.000000000
Physenaceae	0.000000000	1.00000000	0.00000000	0.00000000	0.00000000	0.00000000	0.000000000	0.000000000	0.000000000	0.000000000	0.000000000	0.000000000	0.000000000	0.0000000000	0.000000000	0.000000000	0.000000000
Phytolaccaceae	0.000000000	0.00000000	0.00000000	0.00000000	0.00000000	0.00000000	0.000000000	0.000000000	0.000000000	0.000000000	0.000000000	0.000000000	0.000000000	1.0000000000	0.000000000	0.000000000	0.000000000
Pinaceae	0.081081081	0.27027027	0.16891892	0.15540541	0.25675676	0.00000000	0.027027027	0.000000000	0.000000000	0.000000000	0.000000000	0.040540541	0.000000000	0.0000000000	0.000000000	0.000000000	0.000000000
Piperaceae	0.639534884	0.31395349	0.01162791	0.00000000	0.00000000	0.00000000	0.034883721	0.000000000	0.000000000	0.000000000	0.000000000	0.000000000	0.000000000	0.0000000000	0.000000000	0.000000000	0.000000000
Plantaginaceae	0.173913043	0.56521739	0.00000000	0.00000000	0.04347826	0.00000000	0.000000000	0.000000000	0.000000000	0.000000000	0.043478261	0.173913043	0.000000000	0.0000000000	0.000000000	0.000000000	0.000000000
Platanaceae	0.150000000	0.10000000	0.45000000	0.30000000	0.00000000	0.00000000	0.000000000	0.000000000	0.000000000	0.000000000	0.000000000	0.000000000	0.000000000	0.0000000000	0.000000000	0.000000000	0.000000000
Plumbaginaceae	0.030303030	0.27272727	0.39393939	0.12121212	0.18181818	0.00000000	0.000000000	0.000000000	0.000000000	0.000000000	0.000000000	0.000000000	0.000000000	0.0000000000	0.000000000	0.000000000	0.000000000
Poaceae	0.068181818	0.15909091	0.20454545	0.00000000	0.04545455	0.02272727	0.045454545	0.045454545	0.090909091	0.227272727	0.022727273	0.000000000	0.000000000	0.0454545455	0.022727273	0.000000000	0.000000000
Podocarpaceae	0.000000000	0.13636364	0.56818182	0.00000000	0.18181818	0.00000000	0.090909091	0.000000000	0.000000000	0.000000000	0.022727273	0.000000000	0.000000000	0.0000000000	0.000000000	0.000000000	0.000000000
Polygalaceae	0.125000000	0.00000000	0.00000000	0.00000000	0.25000000	0.00000000	0.500000000	0.000000000	0.000000000	0.000000000	0.000000000	0.125000000	0.000000000	0.0000000000	0.000000000	0.000000000	0.000000000
Polygonaceae	0.208333333	0.10416667	0.15972222	0.34722222	0.07638889	0.00000000	0.006944444	0.000000000	0.000000000	0.000000000	0.000000000	0.027777778	0.000000000	0.0000000000	0.000000000	0.055555556	0.013888889
Polypodiaceae	0.000000000	0.25925926	0.48148148	0.22222222	0.03703704	0.00000000	0.000000000	0.000000000	0.000000000	0.000000000	0.000000000	0.000000000	0.000000000	0.0000000000	0.000000000	0.000000000	0.000000000
Portulacaceae	0.000000000	0.50000000	0.00000000	0.00000000	0.00000000	0.00000000	0.500000000	0.000000000	0.000000000	0.000000000	0.000000000	0.000000000	0.000000000	0.0000000000	0.000000000	0.000000000	0.000000000
Posidoniaceae	1.000000000	0.00000000	0.00000000	0.00000000	0.00000000	0.00000000	0.000000000	0.000000000	0.000000000	0.000000000	0.000000000	0.000000000	0.000000000	0.0000000000	0.000000000	0.000000000	0.000000000
Primulaceae	0.160000000	0.08000000	0.08000000	0.00000000	0.04000000	0.00000000	0.480000000	0.000000000	0.000000000	0.160000000	0.000000000	0.000000000	0.000000000	0.0000000000	0.000000000	0.000000000	0.000000000
Proteaceae	0.000000000	0.00000000	0.81818182	0.00000000	0.18181818	0.00000000	0.000000000	0.000000000	0.000000000	0.000000000	0.000000000	0.000000000	0.000000000	0.0000000000	0.000000000	0.000000000	0.000000000
Pteridaceae	0.215909091	0.19318182	0.06818182	0.27272727	0.00000000	0.00000000	0.000000000	0.000000000	0.000000000	0.000000000	0.000000000	0.000000000	0.000000000	0.0000000000	0.000000000	0.250000000	0.000000000
Ranunculaceae	0.125000000	0.25000000	0.00000000	0.00000000	0.00000000	0.12500000	0.000000000	0.000000000	0.000000000	0.000000000	0.500000000	0.000000000	0.000000000	0.0000000000	0.000000000	0.000000000	0.000000000
Rhamnaceae	0.000000000	0.12068966	0.16379310	0.13793103	0.09482759	0.00000000	0.094827586	0.000000000	0.000000000	0.120689655	0.017241379	0.077586207	0.034482759	0.0000000000	0.000000000	0.000000000	0.137931034
Rhizophoraceae	0.000000000	0.00000000	0.42187500	0.57812500	0.00000000	0.00000000	0.000000000	0.000000000	0.000000000	0.000000000	0.000000000	0.000000000	0.000000000	0.0000000000	0.000000000	0.000000000	0.000000000
Rosaceae	0.103174603	0.29365079	0.13888889	0.19047619	0.10714286	0.00000000	0.111111111	0.000000000	0.015873016	0.000000000	0.035714286	0.003968254	0.000000000	0.0000000000	0.000000000	0.000000000	0.000000000
Rubiaceae	0.060344828	0.10344828	0.16379310	0.37068966	0.00862069	0.00000000	0.000000000	0.000000000	0.017241379	0.000000000	0.000000000	0.112068966	0.000000000	0.0000000000	0.000000000	0.163793103	0.000000000
Rutaceae	0.245098039	0.53267974	0.04901961	0.00000000	0.09150327	0.00000000	0.065359477	0.013071895	0.000000000	0.000000000	0.000000000	0.000000000	0.000000000	0.0000000000	0.000000000	0.000000000	0.003267974
Salicaceae	0.179487179	0.29487179	0.16666667	0.17948718	0.17948718	0.00000000	0.000000000	0.000000000	0.000000000	0.000000000	0.000000000	0.000000000	0.000000000	0.0000000000	0.000000000	0.000000000	0.000000000
Santalaceae	0.102564103	0.79487179	0.05128205	0.00000000	0.02564103	0.00000000	0.000000000	0.000000000	0.025641026	0.000000000	0.000000000	0.000000000	0.000000000	0.0000000000	0.000000000	0.000000000	0.000000000
Sapindaceae	0.025974026	0.23376623	0.11688312	0.51948052	0.07792208	0.00000000	0.000000000	0.000000000	0.000000000	0.000000000	0.025974026	0.000000000	0.000000000	0.0000000000	0.000000000	0.000000000	0.000000000
Sapotaceae	0.000000000	0.00000000	0.44000000	0.20000000	0.24000000	0.00000000	0.120000000	0.000000000	0.000000000	0.000000000	0.000000000	0.000000000	0.000000000	0.0000000000	0.000000000	0.000000000	0.000000000
Sarcolaenaceae	0.000000000	0.80000000	0.00000000	0.00000000	0.20000000	0.00000000	0.000000000	0.000000000	0.000000000	0.000000000	0.000000000	0.000000000	0.000000000	0.0000000000	0.000000000	0.000000000	0.000000000
Sarraceniaceae	0.000000000	0.00000000	0.00000000	0.00000000	1.00000000	0.00000000	0.000000000	0.000000000	0.000000000	0.000000000	0.000000000	0.000000000	0.000000000	0.0000000000	0.000000000	0.000000000	0.000000000
Saururaceae	0.000000000	1.00000000	0.00000000	0.00000000	0.00000000	0.00000000	0.000000000	0.000000000	0.000000000	0.000000000	0.000000000	0.000000000	0.000000000	0.0000000000	0.000000000	0.000000000	0.000000000
Saxifragaceae	0.000000000	0.00000000	0.65384615	0.19230769	0.15384615	0.00000000	0.000000000	0.000000000	0.000000000	0.000000000	0.000000000	0.000000000	0.000000000	0.0000000000	0.000000000	0.000000000	0.000000000
Schisandraceae	0.000000000	0.00000000	0.42857143	0.42857143	0.14285714	0.00000000	0.000000000	0.000000000	0.000000000	0.000000000	0.000000000	0.000000000	0.000000000	0.0000000000	0.000000000	0.000000000	0.000000000
Sciadopityaceae	0.000000000	0.00000000	1.00000000	0.00000000	0.00000000	0.00000000	0.000000000	0.000000000	0.000000000	0.000000000	0.000000000	0.000000000	0.000000000	0.0000000000	0.000000000	0.000000000	0.000000000
Scrophulariaceae	0.000000000	1.00000000	0.00000000	0.00000000	0.00000000	0.00000000	0.000000000	0.000000000	0.000000000	0.000000000	0.000000000	0.000000000	0.000000000	0.0000000000	0.000000000	0.000000000	0.000000000
Selaginellaceae	0.000000000	0.92307692	0.00000000	0.00000000	0.00000000	0.00000000	0.038461538	0.000000000	0.000000000	0.000000000	0.000000000	0.000000000	0.000000000	0.0000000000	0.000000000	0.038461538	0.000000000
Simaroubaceae	0.080000000	0.32000000	0.20000000	0.00000000	0.24000000	0.00000000	0.000000000	0.120000000	0.000000000	0.000000000	0.000000000	0.040000000	0.000000000	0.0000000000	0.000000000	0.000000000	0.000000000
Siparunaceae	0.000000000	0.42857143	0.00000000	0.00000000	0.57142857	0.00000000	0.000000000	0.000000000	0.000000000	0.000000000	0.000000000	0.000000000	0.000000000	0.0000000000	0.000000000	0.000000000	0.000000000
Smilacaceae	0.036363636	0.12727273	0.41818182	0.00000000	0.38181818	0.00000000	0.018181818	0.000000000	0.000000000	0.000000000	0.000000000	0.000000000	0.000000000	0.0000000000	0.018181818	0.000000000	0.000000000
Solanaceae	0.031746032	0.33333333	0.09523810	0.14285714	0.04761905	0.00000000	0.031746032	0.047619048	0.000000000	0.095238095	0.063492063	0.000000000	0.000000000	0.0476190476	0.000000000	0.000000000	0.063492063
Stachyuraceae	0.000000000	0.00000000	0.80000000	0.00000000	0.20000000	0.00000000	0.000000000	0.000000000	0.000000000	0.000000000	0.000000000	0.000000000	0.000000000	0.0000000000	0.000000000	0.000000000	0.000000000
Stemonaceae	0.000000000	0.00000000	0.00000000	0.00000000	0.00000000	0.00000000	0.000000000	0.000000000	0.000000000	0.000000000	0.000000000	0.000000000	0.000000000	0.0000000000	1.000000000	0.000000000	0.000000000
Symplocaceae	1.000000000	0.00000000	0.00000000	0.00000000	0.00000000	0.00000000	0.000000000	0.000000000	0.000000000	0.000000000	0.000000000	0.000000000	0.000000000	0.0000000000	0.000000000	0.000000000	0.000000000
Tamaricaceae	0.000000000	0.00000000	0.00000000	0.00000000	1.00000000	0.00000000	0.000000000	0.000000000	0.000000000	0.000000000	0.000000000	0.000000000	0.000000000	0.0000000000	0.000000000	0.000000000	0.000000000
Taxaceae	0.000000000	0.25000000	0.37500000	0.37500000	0.00000000	0.00000000	0.000000000	0.000000000	0.000000000	0.000000000	0.000000000	0.000000000	0.000000000	0.0000000000	0.000000000	0.000000000	0.000000000
Tectariaceae	0.000000000	0.33333333	0.66666667	0.00000000	0.00000000	0.00000000	0.000000000	0.000000000	0.000000000	0.000000000	0.000000000	0.000000000	0.000000000	0.0000000000	0.000000000	0.000000000	0.000000000
Theaceae	0.000000000	0.08730159	0.54761905	0.24603175	0.08730159	0.00000000	0.000000000	0.000000000	0.000000000	0.000000000	0.031746032	0.000000000	0.000000000	0.0000000000	0.000000000	0.000000000	0.000000000
Thelypteridaceae	0.027027027	0.31081081	0.00000000	0.00000000	0.00000000	0.00000000	0.027027027	0.621621622	0.000000000	0.000000000	0.000000000	0.000000000	0.000000000	0.0000000000	0.000000000	0.013513514	0.000000000
Thymelaeaceae	0.098765432	0.51851852	0.18518519	0.00000000	0.06172840	0.02469136	0.012345679	0.000000000	0.024691358	0.000000000	0.000000000	0.000000000	0.000000000	0.0740740741	0.000000000	0.000000000	0.000000000
Trochodendraceae	0.000000000	0.00000000	1.00000000	0.00000000	0.00000000	0.00000000	0.000000000	0.000000000	0.000000000	0.000000000	0.000000000	0.000000000	0.000000000	0.0000000000	0.000000000	0.000000000	0.000000000
Typhaceae	0.000000000	0.00000000	1.00000000	0.00000000	0.00000000	0.00000000	0.000000000	0.000000000	0.000000000	0.000000000	0.000000000	0.000000000	0.000000000	0.0000000000	0.000000000	0.000000000	0.000000000
Ulmaceae	0.000000000	0.26666667	0.46666667	0.00000000	0.26666667	0.00000000	0.000000000	0.000000000	0.000000000	0.000000000	0.000000000	0.000000000	0.000000000	0.0000000000	0.000000000	0.000000000	0.000000000
Urticaceae	0.000000000	0.00000000	0.50000000	0.50000000	0.00000000	0.00000000	0.000000000	0.000000000	0.000000000	0.000000000	0.000000000	0.000000000	0.000000000	0.0000000000	0.000000000	0.000000000	0.000000000
Velloziaceae	0.000000000	1.00000000	0.00000000	0.00000000	0.00000000	0.00000000	0.000000000	0.000000000	0.000000000	0.000000000	0.000000000	0.000000000	0.000000000	0.0000000000	0.000000000	0.000000000	0.000000000
Verbenaceae	0.266666667	0.53333333	0.00000000	0.00000000	0.20000000	0.00000000	0.000000000	0.000000000	0.000000000	0.000000000	0.000000000	0.000000000	0.000000000	0.0000000000	0.000000000	0.000000000	0.000000000
Viburnaceae	0.421052632	0.26315789	0.15789474	0.00000000	0.00000000	0.00000000	0.000000000	0.000000000	0.000000000	0.000000000	0.157894737	0.000000000	0.000000000	0.0000000000	0.000000000	0.000000000	0.000000000
Violaceae	0.000000000	0.13333333	0.00000000	0.00000000	0.00000000	0.00000000	0.333333333	0.000000000	0.000000000	0.533333333	0.000000000	0.000000000	0.000000000	0.0000000000	0.000000000	0.000000000	0.000000000
Vitaceae	0.080808081	0.05050505	0.27272727	0.23232323	0.10101010	0.00000000	0.050505051	0.000000000	0.000000000	0.000000000	0.111111111	0.000000000	0.000000000	0.0000000000	0.030303030	0.000000000	0.070707071
Vochysiaceae	0.000000000	0.78571429	0.07142857	0.00000000	0.14285714	0.00000000	0.000000000	0.000000000	0.000000000	0.000000000	0.000000000	0.000000000	0.000000000	0.0000000000	0.000000000	0.000000000	0.000000000
Winteraceae	0.000000000	0.00000000	0.00000000	0.00000000	1.00000000	0.00000000	0.000000000	0.000000000	0.000000000	0.000000000	0.000000000	0.000000000	0.000000000	0.0000000000	0.000000000	0.000000000	0.000000000
Woodsiaceae	0.625000000	0.00000000	0.00000000	0.00000000	0.37500000	0.00000000	0.000000000	0.000000000	0.000000000	0.000000000	0.000000000	0.000000000	0.000000000	0.0000000000	0.000000000	0.000000000	0.000000000
Zingiberaceae	0.478260870	0.30434783	0.03260870	0.00000000	0.08695652	0.00000000	0.000000000	0.043478261	0.000000000	0.005434783	0.000000000	0.000000000	0.000000000	0.0489130435	0.000000000	0.000000000	0.000000000
Zygophyllaceae	0.428571429	0.28571429	0.00000000	0.00000000	0.28571429	0.00000000	0.000000000	0.000000000	0.000000000	0.000000000	0.000000000	0.000000000	0.000000000	0.0000000000	0.000000000	0.000000000	0.000000000
